-2.490951776504516602e+00 1.901322603225708008e+00 -1.820122957229614258e+00 2.190653562545776367e+00 1.747060120105743408e-01
-1.578956127166748047e+00 1.992740988731384277e+00 -2.104309082031250000e+00 1.096279859542846680e+00 1.633243411779403687e-01
-1.098642230033874512e+00 1.770783066749572754e+00 -1.767274260520935059e+00 1.147930622100830078e+00 1.940263062715530396e-01
-7.755719423294067383e-01 2.123132467269897461e+00 -1.195978999137878418e+00 1.762586832046508789e+00 2.088553160429000854e-01
-1.756238937377929688e+00 1.726076245307922363e+00 -2.990617513656616211e+00 7.612480521202087402e-01 1.820224523544311523e-01
-1.593663096427917480e+00 2.119105577468872070e+00 -2.387832880020141602e+00 1.027737975120544434e+00 1.670690029859542847e-01
-1.643641829490661621e+00 2.167699575424194336e+00 -2.423763990402221680e+00 1.023913025856018066e+00 1.748320758342742920e-01
-1.705361604690551758e+00 2.169301271438598633e+00 -2.447295665740966797e+00 1.048324584960937500e+00 1.840371042490005493e-01
-1.529977083206176758e+00 2.066843748092651367e+00 -2.371570825576782227e+00 1.079452276229858398e+00 1.571014076471328735e-01
-1.525187611579895020e+00 2.061405181884765625e+00 -2.390233516693115234e+00 1.088971257209777832e+00 1.584628373384475708e-01
