1.900642442917842914e+02
1.915313701086856781e+02
1.929361688921817120e+02
1.946876744196231357e+02
1.958375463946791513e+02
1.943277421477901044e+02
1.884183759845291206e+02
1.768976799844334096e+02
1.575812946220518711e+02
1.439219317802787543e+02
1.238233080265910786e+02
1.124551598625936464e+02
1.000802633764067053e+02
8.587797490006484225e+01
7.701679642382802626e+01
6.462977731176245300e+01
4.723145392670024023e+01
2.286270630091577871e+01
8.497684660021633363e+00
4.032891622456838299e+00
